[M250-35A]
b_sat = 1.5
grade = 250
thickness = 0.35
density = 7.8
rs_per_g = 0.2
hyst_factor = 0.0548
eddy_factor = 0.00034
extra_factor = 0.001225
